2389
3334
3401
3453
3466
3452
3574
3591
3596
3628
3612
3774
3802
3797
3825
3846
4004
4076
4110
4124
4126
4142
4281
4206
4356
4498
4500
4504
4528
4112
4603
4633
4634
4496
4552
4640
4612
4639
4660
4396
4470
4657
4514
4714
4718
4697
4717
4726
4724
4729
4733
4501
4761
4750
4744
4748
4769
4767
4758
4727
4534
4804
4788
4802
4805
4778
4340
4759
4819
4825
4860
4859
4841
4413
4897
4928
5002
4924
4933
4958
5028
4952
5017
4934
5013
4868
4927
5049
4837
5080
4288
5041
5076
4944
5118
5124
5112
5111
4941
5193
5132
5196
5077
5151
5161
4839
5141
5248
5221
5247
5167
5268
4751
2885
5286
5287
5224
5152
5350
5351
5338
5376
5358
4359
4856
5183
5259
5430
5426
5173
5471
5503
5468
5509
5209
5608
5606
5636
5679
5604
5335
5664
5763
5810
5831
5844
5849
5825
5925
5923
5937
5945
5951
5974
5880
6187
6205
6161
6185
6212
6250
6293
6295
6272
6219
6333
5965
6381
6426
6274
6467
6225
6296
6499
6502
6495
6282
6355
6479
6544
6568
5980
6423
6566
6609
6624
6670
6689
6590
6707
6695
6725
6453
6675
6749
6751
6738
6697
6717
6796
