24817
24676
24776
26304
26675
29236
29338
32580
33155
33176
33285
32711
32029
33186
33328
32974
33200
33264
33276
33356
33351
33037
33341
33236
28625
33369
33354
33393
30612
33392
33394
33345
33381
33388
33231
33406
33250
32280
33412
32401
33378
33368
33380
33417
33445
33438
33416
33469
33408
33471
33326
33418
33454
33487
33475
33400
33430
33395
33479
33490
33290
33367
33493
33498
33499
33375
33389
33501
33292
33491
33365
33259
33457
33504
33532
33520
33546
32925
33565
33550
33557
32878
33554
33578
33581
33586
33591
33313
33592
33589
33542
33481
33598
33601
33599
33315
33603
33607
33622
33644
33682
33683
33675
33673
33511
33712
33340
33562
33687
33740
33717
33731
33686
33718
33284
33723
33766
33787
31251
33814
33828
33816
33799
33846
33843
33838
33820
33859
33857
33860
33420
33819
33872
33500
33206
33818
33428
33169
33875
33910
33868
33883
33937
33930
33923
33940
33610
33842
33707
33635
33885
33934
33835
33496
33864
34007
34003
34009
34011
34025
33977
34004
34046
33588
33889
34008
33971
34058
34060
34063
33915
34068
33788
34043
33139
34095
33992
34089
34101
33974
33615
34111
34112
34121
34114
33980
33374
33568
34078
34076
34116
34166
34106
34189
34163
34185
34172
34021
34153
34183
