187
276
351
446
723
1573
1705
1833
1548
2009
2069
2534
2594
2627
2632
2686
3115
3368
3385
3448
3523
3534
3567
3550
3597
3607
3581
3713
3595
3736
3749
3754
3694
3729
3635
3766
3769
3763
3752
3758
3760
3772
3762
3768
3775
3778
3779
3776
3781
3787
3786
3790
3782
3785
3789
3792
3761
3795
3765
3544
3800
3767
3696
3797
3764
3811
3813
3815
3819
3719
3836
3833
3822
3834
3837
3844
3845
3840
3838
3851
3725
3858
3859
3850
3846
3862
3750
3839
3867
3869
3875
3876
3868
3873
3843
3870
3871
3808
3860
3877
3882
3881
3817
3886
3892
3897
3896
3901
3904
3906
3899
3908
3911
3914
3895
3812
3920
3842
3805
3927
3919
3916
3888
3929
3930
3931
3891
3937
3935
3697
3878
3626
2685
3938
3945
3948
3894
3942
3955
2873
3961
3947
3958
3957
3905
3963
3971
3975
3887
3824
3978
3977
3980
3981
3982
3976
3983
3984
3987
3992
3995
3997
3991
3998
3985
3962
4000
4005
3950
4003
3986
4002
3999
4007
3993
4008
